15 15 1 3 0
15 15 1 3 1
15 15 1 3 2
15 15 1 3 3
15 15 1 3 4
15 15 1 3 5
15 15 1 3 6
15 15 1 3 7
15 15 1 3 8
15 15 1 3 9
15 15 1 3 10
16 16 2 4 0
16 16 2 4 1
16 16 2 4 2
16 16 2 4 3
16 16 2 4 4
16 16 2 4 5
16 16 2 4 6
16 16 2 4 7
16 16 2 4 8
16 16 2 4 9
16 16 2 4 10
17 17 2 4 0
17 17 2 4 1
17 17 2 4 2
17 17 2 4 3
17 17 2 4 4
17 17 2 4 5
17 17 2 4 6
17 17 2 4 7
17 17 2 4 8
17 17 2 4 9
17 17 2 4 10
18 18 2 4 0
18 18 2 4 1
18 18 2 4 2
18 18 2 4 3
18 18 2 4 4
18 18 2 4 5
18 18 2 4 6
18 18 2 4 7
18 18 2 4 8
18 18 2 4 9
18 18 2 4 10
19 19 2 4 0
19 19 2 4 1
19 19 2 4 2
19 19 2 4 3
19 19 2 4 4
19 19 2 4 5
19 19 2 4 6
19 19 2 4 7
19 19 2 4 8
19 19 2 4 9
19 19 2 4 10
20 20 2 4 0
20 20 2 4 1
20 20 2 4 2
20 20 2 4 3
20 20 2 4 4
20 20 2 4 5
20 20 2 4 6
20 20 2 4 7
20 20 2 4 8
20 20 2 4 9
20 20 2 4 10
21 21 2 4 0
21 21 2 4 1
21 21 2 4 2
21 21 2 4 3
21 21 2 4 4
21 21 2 4 5
21 21 2 4 6
21 21 2 4 7
21 21 2 4 8
21 21 2 4 9
21 21 2 4 10
22 22 2 4 0
22 22 2 4 1
22 22 2 4 2
22 22 2 4 3
22 22 2 4 4
22 22 2 4 5
22 22 2 4 6
22 22 2 4 7
22 22 2 4 8
22 22 2 4 9
22 22 2 4 10
23 23 2 4 0
23 23 2 4 1
23 23 2 4 2
23 23 2 4 3
23 23 2 4 4
23 23 2 4 5
23 23 2 4 6
23 23 2 4 7
23 23 2 4 8
23 23 2 4 9
23 23 2 4 10
24 24 2 4 0
24 24 2 4 1
24 24 2 4 2
24 24 2 4 3
24 24 2 4 4
24 24 2 4 5
24 24 2 4 6
24 24 2 4 7
24 24 2 4 8
24 24 2 4 9
24 24 2 4 10
25 25 3 5 0
25 25 3 5 1
25 25 3 5 2
25 25 3 5 3
25 25 3 5 4
25 25 3 5 5
25 25 3 5 6
25 25 3 5 7
25 25 3 5 8
25 25 3 5 9
25 25 3 5 10
26 26 3 5 0
26 26 3 5 1
26 26 3 5 2
26 26 3 5 3
26 26 3 5 4
26 26 3 5 5
26 26 3 5 6
26 26 3 5 7
26 26 3 5 8
26 26 3 5 9
26 26 3 5 10
27 27 3 5 0
27 27 3 5 1
27 27 3 5 2
27 27 3 5 3
27 27 3 5 4
27 27 3 5 5
27 27 3 5 6
27 27 3 5 7
27 27 3 5 8
27 27 3 5 9
27 27 3 5 10
28 28 3 5 0
28 28 3 5 1
28 28 3 5 2
28 28 3 5 3
28 28 3 5 4
28 28 3 5 5
28 28 3 5 6
28 28 3 5 7
28 28 3 5 8
28 28 3 5 9
28 28 3 5 10
29 29 3 5 0
29 29 3 5 1
29 29 3 5 2
29 29 3 5 3
29 29 3 5 4
29 29 3 5 5
29 29 3 5 6
29 29 3 5 7
29 29 3 5 8
29 29 3 5 9
29 29 3 5 10
30 30 3 5 0
30 30 3 5 1
30 30 3 5 2
30 30 3 5 3
30 30 3 5 4
30 30 3 5 5
30 30 3 5 6
30 30 3 5 7
30 30 3 5 8
30 30 3 5 9
30 30 3 5 10
31 31 3 5 0
31 31 3 5 1
31 31 3 5 2
31 31 3 5 3
31 31 3 5 4
31 31 3 5 5
31 31 3 5 6
31 31 3 5 7
31 31 3 5 8
31 31 3 5 9
31 31 3 5 10
32 32 3 5 0
32 32 3 5 1
32 32 3 5 2
32 32 3 5 3
32 32 3 5 4
32 32 3 5 5
32 32 3 5 6
32 32 3 5 7
32 32 3 5 8
32 32 3 5 9
32 32 3 5 10
33 33 3 5 0
33 33 3 5 1
33 33 3 5 2
33 33 3 5 3
33 33 3 5 4
33 33 3 5 5
33 33 3 5 6
33 33 3 5 7
33 33 3 5 8
33 33 3 5 9
33 33 3 5 10
34 34 3 5 0
34 34 3 5 1
34 34 3 5 2
34 34 3 5 3
34 34 3 5 4
34 34 3 5 5
34 34 3 5 6
34 34 3 5 7
34 34 3 5 8
34 34 3 5 9
34 34 3 5 10
35 35 3 5 0
35 35 3 5 1
35 35 3 5 2
35 35 3 5 3
35 35 3 5 4
35 35 3 5 5
35 35 3 5 6
35 35 3 5 7
35 35 3 5 8
35 35 3 5 9
35 35 3 5 10
36 36 4 6 0
36 36 4 6 1
36 36 4 6 2
36 36 4 6 3
36 36 4 6 4
36 36 4 6 5
36 36 4 6 6
36 36 4 6 7
36 36 4 6 8
36 36 4 6 9
36 36 4 6 10
37 37 4 6 0
37 37 4 6 1
37 37 4 6 2
37 37 4 6 3
37 37 4 6 4
37 37 4 6 5
37 37 4 6 6
37 37 4 6 7
37 37 4 6 8
37 37 4 6 9
37 37 4 6 10
38 38 4 6 0
38 38 4 6 1
38 38 4 6 2
38 38 4 6 3
38 38 4 6 4
38 38 4 6 5
38 38 4 6 6
38 38 4 6 7
38 38 4 6 8
38 38 4 6 9
38 38 4 6 10
39 39 4 6 0
39 39 4 6 1
39 39 4 6 2
39 39 4 6 3
39 39 4 6 4
39 39 4 6 5
39 39 4 6 6
39 39 4 6 7
39 39 4 6 8
39 39 4 6 9
39 39 4 6 10
40 40 4 6 0
40 40 4 6 1
40 40 4 6 2
40 40 4 6 3
40 40 4 6 4
40 40 4 6 5
40 40 4 6 6
40 40 4 6 7
40 40 4 6 8
40 40 4 6 9
40 40 4 6 10
41 41 4 6 0
41 41 4 6 1
41 41 4 6 2
41 41 4 6 3
41 41 4 6 4
41 41 4 6 5
41 41 4 6 6
41 41 4 6 7
41 41 4 6 8
41 41 4 6 9
41 41 4 6 10
42 42 4 6 0
42 42 4 6 1
42 42 4 6 2
42 42 4 6 3
42 42 4 6 4
42 42 4 6 5
42 42 4 6 6
42 42 4 6 7
42 42 4 6 8
42 42 4 6 9
42 42 4 6 10
43 43 4 6 0
43 43 4 6 1
43 43 4 6 2
43 43 4 6 3
43 43 4 6 4
43 43 4 6 5
43 43 4 6 6
43 43 4 6 7
43 43 4 6 8
43 43 4 6 9
43 43 4 6 10
44 44 4 6 0
44 44 4 6 1
44 44 4 6 2
44 44 4 6 3
44 44 4 6 4
44 44 4 6 5
44 44 4 6 6
44 44 4 6 7
44 44 4 6 8
44 44 4 6 9
44 44 4 6 10
45 45 4 6 0
45 45 4 6 1
45 45 4 6 2
45 45 4 6 3
45 45 4 6 4
45 45 4 6 5
45 45 4 6 6
45 45 4 6 7
45 45 4 6 8
45 45 4 6 9
45 45 4 6 10
46 46 4 6 0
46 46 4 6 1
46 46 4 6 2
46 46 4 6 3
46 46 4 6 4
46 46 4 6 5
46 46 4 6 6
46 46 4 6 7
46 46 4 6 8
46 46 4 6 9
46 46 4 6 10
47 47 4 6 0
47 47 4 6 1
47 47 4 6 2
47 47 4 6 3
47 47 4 6 4
47 47 4 6 5
47 47 4 6 6
47 47 4 6 7
47 47 4 6 8
47 47 4 6 9
47 47 4 6 10
48 48 4 6 0
48 48 4 6 1
48 48 4 6 2
48 48 4 6 3
48 48 4 6 4
48 48 4 6 5
48 48 4 6 6
48 48 4 6 7
48 48 4 6 8
48 48 4 6 9
48 48 4 6 10
49 49 5 7 0
49 49 5 7 1
49 49 5 7 2
49 49 5 7 3
49 49 5 7 4
49 49 5 7 5
49 49 5 7 6
49 49 5 7 7
49 49 5 7 8
49 49 5 7 9
49 49 5 7 10
50 50 5 7 0
50 50 5 7 1
50 50 5 7 2
50 50 5 7 3
50 50 5 7 4
50 50 5 7 5
50 50 5 7 6
50 50 5 7 7
50 50 5 7 8
50 50 5 7 9
50 50 5 7 10
51 50 5 7 0
51 50 5 7 1
51 50 5 7 2
51 50 5 7 3
51 50 5 7 4
51 50 5 7 5
51 50 5 7 6
51 50 5 7 7
51 50 5 7 8
51 50 5 7 9
51 50 5 7 10
52 50 5 7 0
52 50 5 7 1
52 50 5 7 2
52 50 5 7 3
52 50 5 7 4
52 50 5 7 5
52 50 5 7 6
52 50 5 7 7
52 50 5 7 8
52 50 5 7 9
52 50 5 7 10
53 50 5 7 0
53 50 5 7 1
53 50 5 7 2
53 50 5 7 3
53 50 5 7 4
53 50 5 7 5
53 50 5 7 6
53 50 5 7 7
53 50 5 7 8
53 50 5 7 9
53 50 5 7 10
54 50 5 7 0
54 50 5 7 1
54 50 5 7 2
54 50 5 7 3
54 50 5 7 4
54 50 5 7 5
54 50 5 7 6
54 50 5 7 7
54 50 5 7 8
54 50 5 7 9
54 50 5 7 10
55 50 5 7 0
55 50 5 7 1
55 50 5 7 2
55 50 5 7 3
55 50 5 7 4
55 50 5 7 5
55 50 5 7 6
55 50 5 7 7
55 50 5 7 8
55 50 5 7 9
55 50 5 7 10
56 50 5 7 0
56 50 5 7 1
56 50 5 7 2
56 50 5 7 3
56 50 5 7 4
56 50 5 7 5
56 50 5 7 6
56 50 5 7 7
56 50 5 7 8
56 50 5 7 9
56 50 5 7 10
57 50 5 7 0
57 50 5 7 1
57 50 5 7 2
57 50 5 7 3
57 50 5 7 4
57 50 5 7 5
57 50 5 7 6
57 50 5 7 7
57 50 5 7 8
57 50 5 7 9
57 50 5 7 10
58 50 5 7 0
58 50 5 7 1
58 50 5 7 2
58 50 5 7 3
58 50 5 7 4
58 50 5 7 5
58 50 5 7 6
58 50 5 7 7
58 50 5 7 8
58 50 5 7 9
58 50 5 7 10
59 50 5 7 0
59 50 5 7 1
59 50 5 7 2
59 50 5 7 3
59 50 5 7 4
59 50 5 7 5
59 50 5 7 6
59 50 5 7 7
59 50 5 7 8
59 50 5 7 9
59 50 5 7 10
60 50 5 7 0
60 50 5 7 1
60 50 5 7 2
60 50 5 7 3
60 50 5 7 4
60 50 5 7 5
60 50 5 7 6
60 50 5 7 7
60 50 5 7 8
60 50 5 7 9
60 50 5 7 10
